1221563665
1231752670
1282578881
1596379203
1659354751
1727034368
1752649683
1782927163
1859614031
1961226156
2107385661
2813763273
2864356603
3062292485
3063448654
3129903477
3233428039
3302066911
3429778423
3558303926
4231313345
4350181167
4610737543
4690706534
4839503108
5107624597
5204720130
5249206493
5542059438
5601164625
5708003850
5735646830
6739269269
6839812880
7028135107
7129565427
7342159080
7609991763
7724149029
7744315256
8022206157
8133982090
8225350278
8237956097
8515590807
8902746929
9650243384
9650660898
9738438473
9916995283
9941308698
