5735646830
3233428039
5204720130
5249206493
2813763273
3063448654
9941308698
1282578881
5708003850
1596379203
7028135107
3129903477
1752649683
5107624597
5542059438
7609991763
9650660898
9650243384
5601164625
4231313345
6839812880
7342159080
2864356603
1659354751
7724149029
8133982090
8022206157
1961226156
1859614031
8237956097
8225350278
1231752670
9738438473
3062292485
1782927163
8515590807
3558303926
4690706534
2107385661
7129565427
1221563665
6739269269
4610737543
8902746929
3302066911
4350181167
1727034368
3429778423
7744315256
4839503108
9916995283
